50
150
250
350
450
550
650
751.55
872.18
1032.51
1238.13
1477.36
1727.36
1977.36
2227.36
2477.36
2727.36
2977.36
3227.36
3477.36
3727.36
3977.36
4227.36
4482.58
4777.07
5141.55
5580.04
6068.3
6568.3
7068.3
7568.3
8068.3
8568.3
9068.3
9568.3
10068.3
10568.3
11068.3
11568.3
12068.3
12568.3
13068.3
13568.3
14068.3
14568.3
15068.3
15568.3
16068.3
16568.3
17068.3
17568.3
18068.3
18568.3
19068.3
19568.3
20068.3
20568.3
21068.3
21568.3
22068.3
22568.3
23068.3
23568.3
24068.3
24568.3
25068.3
25568.3
26068.3
26568.3
27068.3
27568.3
28068.3
28568.3
29068.3
29568.3
30068.3
