      37.5000
      120.468
      221.036
      342.816
      489.960
      667.042
      878.756
      1129.34
      1421.69
      1756.46
      2131.31
      2541.13
      2979.06
      3437.94
      3911.48
      4394.80
      4884.44
      5378.06
      5874.15
      6371.77
      6870.32
      7369.44
      7868.90
      8368.58
      8868.38
      9368.26
      9868.19
      10368.1
      10868.1
      11368.1
      11868.1
      12368.1
      12868.1
      13368.1
      13868.1
      14368.1
      14868.1
      15368.1
      15868.1
      16368.1
      16868.1
      17368.1
      17868.1
      18368.1
      18868.1
      19368.2
      19868.3
      20368.5
      20868.9
      21369.6
      21871.1
      22373.9
      22879.4
      23390.2
      23911.1
      24451.8
      25030.6
      25681.4
      26458.2
      27411.9
      28519.4
      29695.9
      30890.9
      32089.8
